leapr
 24 /
 'simple peak with delta functions'/
 1 1/
  101 1001/
  0.99917 20.449 2 0 0/
  1 1 15.85316 3.8883 1/
 65 75 1/
 0.0100 0.0150 0.0252 0.0330 0.050 0.0756 0.100 0.151 0.201 0.252 0.302
 0.352 0.403 0.453 0.504 0.554 0.609 0.670 0.736 0.809 0.889 0.976 1.072
 1.177 1.292 1.418 1.556 1.707 1.873 2.055 2.255 2.473 2.712 2.975 3.263
 3.578 3.923 4.302 4.717 5.172 5.671 6.217 6.816 7.472 8.192 8.980 9.844
 10.79 11.83 12.96 14.21 15.58 17.07 18.72 20.52 22.49 24.65 27.02 29.61
 32.46 35.58 38.99 42.74 46.85 50.0/
 0.000 0.006 0.012 0.025 0.038 0.051 0.065 0.0806 0.120 0.161 0.241 0.322
 0.403 0.483 0.564 0.645 0.725 0.806 0.887 0.967 1.048 1.129 1.209 1.290
 1.371 1.451 1.532 1.612 1.693 1.774 1.854 1.935 2.016 2.096 2.177 2.258
 2.338 2.419 2.500 2.580 2.669 2.767 2.874 2.992 3.122 3.265 3.422 3.595
 3.785 3.994 4.224 4.477 4.756 5.062 5.399 5.769 6.177 6.626 7.119 7.661
 8.258 8.915 9.637 10.43 11.30 12.26 13.32 14.48 15.76 17.17 18.72 20.42
 22.29 24.35 25.0/
 296/
  0.01 100/
  1 1 1 1 1 1 1 1 1 1 1 1 1 1 1 1 1 1 1 1
  1 1 1 1 1 1 1 1 1 1 1 1 1 1 1 1 1 1 1 1
  1 1 1 1 1 1 1 1 1 1 1 1 1 1 1 1 1 1 1 1
  1 1 1 1 1 1 1 1 1 1 1 1 1 1 1 1 1 1 1 1
  1 1 1 1 1 1 1 1 1 1 1 1 1 1 1 1 1 1 1 1 /
 0.0 0.0 5.0/  for diffusion, use 120. for second number
  1/
  0.50/
  5.0/
 ' h(h2o) thermal scattering '/
 ' '/
 ' temperatures = 296 deg k. '/
 ' '/
 ' shortened version of the endf/b-vi.4 evaluation for '/
 ' hydrogen in water.  the energy transfer is limited to '/
 ' 0.625 ev.  this is only for njoy testing, not for '/
 ' real applications. '/
 /
stop

