leapr
 24 /
 'simple peak with no delta functions'/
 1 1/
  101 1001/
  0.99917 20.449 2 0 0/
  1 1 15.85316 3.8883 1/
 13 12 1/
  1.0 1.5 2.0 2.5 3.0 3.5 4.0 4.5 5.0 5.5 6.0 6.5 7.0 /
  0.01 0.1 1.0 5.0 10.0 15.0 20.0 25.0 30.0 35.0 40.0 50.0 /
 900/
  0.005 107/
  0 0.02261044 0.09044178 0.2261044 0.452208 0.7461447 
  1.107911 1.537510 2.034940 2.541414 3.102153 3.75333 
  4.476868 5.200402 5.48981 5.403896 4.816025 4.314977 
  3.938739 3.649326 3.425030 3.23872 3.076829 2.939358 
  2.794651 2.652657 2.58211 2.469965 2.37409 2.280037 
  2.180551 2.075639 1.97434 1.919174 0 0 0 0 0 0 0 33.334 
  0 0 0 0 0 0 0 0 0 0 0 0 0 0 0 0 0 0 0 0 0 0 0 0 0 0 0 0 
  0 0 0 0 0 0 0 0 0 0 0 0 0 0 0 0 0 0 0 0 0 0 0 0 0 0 
  66.666 0 0 0 0 0 0 0 0 0 0 /
 0.0 0.0 1.0/  for diffusion, use 120. for second number
  0/
 /
stop
