leapr
24 /
'h in h2o, shortened endf model'/
1 2/
 101 1001/
 0.99917 20.449 2 0 0/
 1 1 15.85316 3.8883 1/
300 800/
1e-07 0.2675586280936455 0.5351171561872909 0.8026756842809365 
1.070234212374582 1.3377927404682275 1.6053512685618732 
1.8729097966555186 2.140468324749164 2.4080268528428093 
2.6755853809364547 2.9431439090301 3.210702437123746 
3.4782609652173915 3.745819493311037 4.013378021404683 
4.280936549498328 4.548495077591974 4.816053605685619 
5.083612133779265 5.35117066187291 5.6187291899665555 
5.886287718060201 6.153846246153846 6.421404774247493 
6.688963302341138 6.956521830434784 7.224080358528429 
7.4916388866220744 7.75919741471572 8.026755942809364 
8.294314470903009 8.561872998996655 8.829431527090302 
9.096990055183946 9.364548583277593 9.632107111371237 
9.899665639464883 10.167224167558528 10.434782695652174 
10.702341223745819 10.969899751839465 11.23745827993311 
11.505016808026756 11.7725753361204 12.040133864214047 
12.307692392307692 12.575250920401338 12.842809448494984 
13.110367976588629 13.377926504682275 13.64548503277592 
13.913043560869566 14.18060208896321 14.448160617056857 
14.715719145150501 14.983277673244148 15.250836201337792 
15.518394729431439 15.785953257525083 16.05351178561873 
16.321070313712376 16.58862884180602 16.85618736989967 
17.123745897993313 17.391304426086958 17.658862954180606 
17.92642148227425 18.193980010367895 18.46153853846154 
18.729097066555187 18.996655594648832 19.264214122742477 
19.53177265083612 19.79933117892977 20.066889707023414 
20.33444823511706 20.602006763210703 20.86956529130435 
21.137123819397996 21.40468234749164 21.672240875585288 
21.939799403678933 22.207357931772577 22.474916459866222 
22.74247498795987 23.010033516053515 23.27759204414716 
23.545150572240804 23.81270910033445 24.080267628428096 
24.34782615652174 24.615384684615385 24.882943212709034 
25.150501740802678 25.418060268896323 25.68561879698997 
25.953177325083615 26.22073585317726 26.488294381270904 
26.755852909364553 27.023411437458197 27.29096996555184 
27.558528493645486 27.826087021739134 28.09364554983278 
28.361204077926423 28.628762606020068 28.896321134113716 
29.16387966220736 29.431438190301005 29.69899671839465 
29.966555246488298 30.234113774581942 30.501672302675587 
30.769230830769235 31.03678935886288 31.304347886956524 
31.57190641505017 31.839464943143817 32.10702347123746 
32.374581999331106 32.64214052742475 32.909699055518395 
33.17725758361204 33.44481611170569 33.712374639799336 
33.97993316789298 34.247491695986625 34.51505022408027 
34.782608752173914 35.05016728026756 35.31772580836121 
35.585284336454855 35.8528428645485 36.120401392642144 
36.38795992073579 36.65551844882943 36.92307697692308 
37.19063550501672 37.458194033110374 37.72575256120402 
37.99331108929766 38.26086961739131 38.52842814548495 38.7959866735786 
39.06354520167224 39.33110372976589 39.59866225785954 
39.86622078595318 40.133779314046826 40.40133784214047 
40.668896370234116 40.93645489832776 41.204013426421405 
41.471571954515056 41.7391304826087 42.006689010702345 
42.27424753879599 42.541806066889635 42.80936459498328 
43.076923123076924 43.344481651170575 43.61204017926422 
43.879598707357864 44.14715723545151 44.41471576354515 
44.6822742916388 44.94983281973244 45.21739134782609 45.48494987591974 
45.75250840401338 46.02006693210703 46.28762546020067 
46.55518398829432 46.82274251638796 47.090301044481606 
47.35785957257526 47.6254181006689 47.89297662876255 48.16053515685619 
48.428093684949836 48.69565221304348 48.963210741137125 
49.23076926923077 49.49832779732442 49.765886325418066 
50.03344485351171 50.301003381605355 50.568561909699 
50.836120437792644 51.10367896588629 51.37123749397994 
51.638796022073585 51.90635455016723 52.173913078260874 
52.44147160635452 52.70903013444816 52.97658866254181 
53.24414719063545 53.511705718729104 53.77926424682275 
54.04682277491639 54.31438130301004 54.58193983110368 
54.84949835919733 55.11705688729097 55.384615415384616 
55.65217394347827 55.91973247157191 56.18729099966556 56.4548495277592 
56.722408055852846 56.98996658394649 57.257525112040135 
57.525083640133786 57.79264216822743 58.060200696321075 
58.32775922441472 58.595317752508365 58.86287628060201 
59.130434808695654 59.3979933367893 59.66555186488295 
59.933110392976594 60.20066892107024 60.468227449163884 
60.73578597725753 61.00334450535117 61.27090303344482 
61.53846156153847 61.80602008963211 62.07357861772576 62.3411371458194 
62.60869567391305 62.87625420200669 63.143812730100336 
63.41137125819398 63.67892978628763 63.94648831438128 
64.21404684247491 64.48160537056856 64.7491638986622 65.01672242675585 
65.28428095484949 65.55183948294314 65.81939801103678 
66.08695653913043 66.35451506722407 66.62207359531773 
66.88963212341137 67.15719065150502 67.42474917959866 
67.69230770769231 67.95986623578595 68.2274247638796 68.49498329197324 
68.76254182006689 69.03010034816053 69.29765887625418 
69.56521740434782 69.83277593244146 70.10033446053511 
70.36789298862875 70.63545151672241 70.90301004481606 71.1705685729097 
71.43812710100335 71.70568562909699 71.97324415719063 
72.24080268528428 72.50836121337792 72.77591974147157 
73.04347826956521 73.31103679765886 73.5785953257525 73.84615385384615 
74.11371238193979 74.38127091003344 74.6488294381271 74.91638796622074 
75.18394649431438 75.45150502240803 75.71906355050167 
75.98662207859532 76.25418060668896 76.5217391347826 76.78929766287625 
77.0568561909699 77.32441471906354 77.59197324715718 77.85953177525083 
78.12709030334447 78.39464883143812 78.66220735953178 
78.92976588762542 79.19732441571907 79.46488294381271 
79.73244147190636 80.0 /
0.0 0.0625782227784731 0.1251564455569462 0.1877346683354193 
0.2503128911138924 0.31289111389236546 0.3754693366708386 
0.4380475594493117 0.5006257822277848 0.5632040050062579 
0.6257822277847309 0.688360450563204 0.7509386733416772 
0.8135168961201502 0.8760951188986233 0.9386733416770964 
1.0012515644555695 1.0638297872340425 1.1264080100125158 
1.1889862327909888 1.2515644555694618 1.314142678347935 
1.376720901126408 1.4392991239048811 1.5018773466833544 
1.5644555694618274 1.6270337922403004 1.6896120150187734 
1.7521902377972467 1.8147684605757197 1.8773466833541927 
1.939924906132666 2.002503128911139 2.0650813516896123 
2.127659574468085 2.1902377972465583 2.2528160200250316 
2.3153942428035044 2.3779724655819776 2.440550688360451 
2.5031289111389237 2.565707133917397 2.62828535669587 
2.690863579474343 2.753441802252816 2.8160200250312895 
2.8785982478097623 2.9411764705882355 3.0037546933667088 
3.0663329161451816 3.128911138923655 3.1914893617021276 
3.254067584480601 3.316645807259074 3.379224030037547 3.44180225281602 
3.5043804755944934 3.566958698372966 3.6295369211514394 
3.6921151439299127 3.7546933667083855 3.8172715894868587 
3.879849812265332 3.942428035043805 4.005006257822278 
4.067584480600751 4.1301627033792245 4.192740926157697 
4.25531914893617 4.317897371714643 4.380475594493117 4.44305381727159 
4.505632040050063 4.5682102628285355 4.630788485607009 
4.693366708385482 4.755944931163955 4.8185231539424285 
4.881101376720902 4.943679599499374 5.006257822277847 
5.068836045056321 5.131414267834794 5.193992490613267 5.25657071339174 
5.319148936170213 5.381727158948686 5.444305381727159 
5.506883604505632 5.569461827284106 5.632040050062579 
5.694618272841051 5.7571964956195245 5.819774718397998 
5.882352941176471 5.944931163954944 6.0075093867334175 
6.07008760951189 6.132665832290363 6.195244055068836 6.25782227784731 
6.320400500625783 6.382978723404255 6.4455569461827285 
6.508135168961202 6.570713391739675 6.633291614518148 
6.695869837296621 6.758448060075094 6.821026282853567 6.88360450563204 
6.9461827284105135 7.008760951188987 7.07133917396746 
7.133917396745932 7.196495619524406 7.259073842302879 
7.321652065081352 7.384230287859825 7.446808510638299 
7.509386733416771 7.571964956195244 7.6345431789737175 
7.697121401752191 7.759699624530664 7.822277847309137 7.88485607008761 
7.947434292866083 8.010012515644556 8.07259073842303 8.135168961201503 
8.197747183979976 8.260325406758449 8.322903629536922 
8.385481852315394 8.448060075093867 8.51063829787234 8.573216520650814 
8.635794743429287 8.69837296620776 8.760951188986233 8.823529411764707 
8.88610763454318 8.948685857321653 9.011264080100126 9.0738423028786 
9.136420525657071 9.198998748435544 9.261576971214017 9.32415519399249 
9.386733416770964 9.449311639549437 9.51188986232791 9.574468085106384 
9.637046307884857 9.69962453066333 9.762202753441803 9.824780976220277 
9.887359198998748 9.949937421777221 10.012515644555695 
10.075093867334168 10.137672090112641 10.200250312891114 
10.262828535669588 10.32540675844806 10.387984981226534 
10.450563204005007 10.51314142678348 10.575719649561952 
10.638297872340425 10.700876095118899 10.763454317897372 
10.826032540675845 10.888610763454318 10.951188986232792 
11.013767209011265 11.076345431789738 11.138923654568211 
11.201501877346685 11.264080100125158 11.32665832290363 
11.389236545682103 11.451814768460576 11.514392991239049 
11.576971214017522 11.639549436795996 11.702127659574469 
11.764705882352942 11.827284105131415 11.889862327909889 
11.952440550688362 12.015018773466835 12.077596996245306 
12.14017521902378 12.202753441802253 12.265331664580726 
12.3279098873592 12.390488110137673 12.453066332916146 
12.51564455569462 12.578222778473092 12.640801001251566 
12.703379224030039 12.76595744680851 12.828535669586984 
12.891113892365457 12.95369211514393 13.016270337922403 
13.078848560700877 13.14142678347935 13.204005006257823 
13.266583229036296 13.32916145181477 13.391739674593243 
13.454317897371716 13.516896120150188 13.57947434292866 
13.642052565707134 13.704630788485607 13.76720901126408 
13.829787234042554 13.892365456821027 13.9549436795995 
14.017521902377974 14.080100125156447 14.14267834793492 
14.205256570713392 14.267834793491865 14.330413016270338 
14.392991239048811 14.455569461827285 14.518147684605758 
14.580725907384231 14.643304130162704 14.705882352941178 
14.76846057571965 14.831038798498124 14.893617021276597 
14.956195244055069 15.018773466833542 15.081351689612015 
15.143929912390488 15.206508135168962 15.269086357947435 
15.331664580725908 15.394242803504381 15.456821026282855 
15.519399249061328 15.581977471839801 15.644555694618274 
15.707133917396746 15.76971214017522 15.832290362953692 
15.894868585732166 15.957446808510639 16.020025031289112 
16.082603254067585 16.14518147684606 16.207759699624532 
16.270337922403005 16.33291614518148 16.39549436795995 
16.458072590738425 16.520650813516898 16.58322903629537 
16.645807259073845 16.708385481852318 16.770963704630788 
16.83354192740926 16.896120150187734 16.958698372966207 
17.02127659574468 17.083854818523154 17.146433041301627 
17.2090112640801 17.271589486858574 17.334167709637047 
17.39674593241552 17.459324155193993 17.521902377972467 
17.58448060075094 17.647058823529413 17.709637046307886 
17.77221526908636 17.834793491864833 17.897371714643306 
17.95994993742178 18.022528160200253 18.085106382978726 
18.1476846057572 18.21026282853567 18.272841051314142 
18.335419274092615 18.39799749687109 18.46057571964956 
18.523153942428035 18.585732165206508 18.64831038798498 
18.710888610763455 18.773466833541928 18.8360450563204 
18.898623279098874 18.961201501877348 19.02377972465582 
19.086357947434294 19.148936170212767 19.21151439299124 
19.274092615769714 19.336670838548187 19.39924906132666 
19.461827284105134 19.524405506883607 19.58698372966208 
19.649561952440553 19.712140175219023 19.774718397997496 
19.83729662077597 19.899874843554443 19.962453066332916 
20.02503128911139 20.087609511889863 20.150187734668336 
20.21276595744681 20.275344180225282 20.337922403003756 
20.40050062578223 20.463078848560702 20.525657071339175 
20.58823529411765 20.65081351689612 20.713391739674595 
20.77596996245307 20.83854818523154 20.901126408010015 
20.963704630788488 21.02628285356696 21.088861076345434 
21.151439299123904 21.214017521902377 21.27659574468085 
21.339173967459324 21.401752190237797 21.46433041301627 
21.526908635794744 21.589486858573217 21.65206508135169 
21.714643304130163 21.777221526908637 21.83979974968711 
21.902377972465583 21.964956195244056 22.02753441802253 
22.090112640801003 22.152690863579476 22.21526908635795 
22.277847309136423 22.340425531914896 22.40300375469337 
22.465581977471842 22.528160200250316 22.590738423028785 
22.65331664580726 22.715894868585732 22.778473091364205 
22.84105131414268 22.90362953692115 22.966207759699625 
23.028785982478098 23.09136420525657 23.153942428035045 
23.216520650813518 23.27909887359199 23.341677096370464 
23.404255319148938 23.46683354192741 23.529411764705884 
23.591989987484357 23.65456821026283 23.717146433041304 
23.779724655819777 23.84230287859825 23.904881101376724 
23.967459324155197 24.03003754693367 24.09261576971214 
24.155193992490613 24.217772215269086 24.28035043804756 
24.342928660826033 24.405506883604506 24.46808510638298 
24.530663329161452 24.593241551939926 24.6558197747184 
24.718397997496872 24.780976220275345 24.84355444305382 
24.906132665832292 24.968710888610765 25.03128911138924 
25.09386733416771 25.156445556946185 25.219023779724658 
25.28160200250313 25.344180225281605 25.406758448060078 
25.46933667083855 25.53191489361702 25.594493116395494 
25.657071339173967 25.71964956195244 25.782227784730914 
25.844806007509387 25.90738423028786 25.969962453066334 
26.032540675844807 26.09511889862328 26.157697121401753 
26.220275344180227 26.2828535669587 26.345431789737173 
26.408010012515646 26.47058823529412 26.533166458072593 
26.595744680851066 26.65832290362954 26.720901126408013 
26.783479349186486 26.84605757196496 26.908635794743432 
26.971214017521902 27.033792240300375 27.09637046307885 
27.15894868585732 27.221526908635795 27.284105131414268 
27.34668335419274 27.409261576971215 27.471839799749688 
27.53441802252816 27.596996245306634 27.659574468085108 
27.72215269086358 27.784730913642054 27.847309136420527 
27.909887359199 27.972465581977474 28.035043804755947 
28.09762202753442 28.160200250312894 28.222778473091367 
28.28535669586984 28.347934918648313 28.410513141426783 
28.473091364205256 28.53566958698373 28.598247809762203 
28.660826032540676 28.72340425531915 28.785982478097623 
28.848560700876096 28.91113892365457 28.973717146433042 
29.036295369211516 29.09887359198999 29.161451814768462 
29.224030037546935 29.28660826032541 29.349186483103882 
29.411764705882355 29.47434292866083 29.5369211514393 
29.599499374217775 29.662077596996248 29.72465581977472 
29.787234042553195 29.849812265331668 29.912390488110137 
29.97496871088861 30.037546933667084 30.100125156445557 
30.16270337922403 30.225281602002504 30.287859824780977 
30.35043804755945 30.413016270337923 30.475594493116397 
30.53817271589487 30.600750938673343 30.663329161451816 
30.72590738423029 30.788485607008763 30.851063829787236 
30.91364205256571 30.976220275344183 31.038798498122656 
31.10137672090113 31.163954943679602 31.226533166458076 
31.28911138923655 31.35168961201502 31.414267834793492 
31.476846057571965 31.53942428035044 31.60200250312891 
31.664580725907385 31.727158948685858 31.78973717146433 
31.852315394242805 31.914893617021278 31.97747183979975 
32.040050062578224 32.102628285356694 32.16520650813517 
32.22778473091364 32.29036295369212 32.35294117647059 
32.415519399249064 32.47809762202753 32.54067584480601 
32.60325406758448 32.66583229036296 32.72841051314143 32.7909887359199 
32.85356695869837 32.91614518147685 32.97872340425532 
33.041301627033796 33.103879849812266 33.16645807259074 
33.22903629536921 33.29161451814769 33.35419274092616 
33.416770963704636 33.479349186483105 33.541927409261575 
33.60450563204005 33.66708385481852 33.729662077597 33.79224030037547 
33.854818523153945 33.917396745932415 33.97997496871089 
34.04255319148936 34.10513141426784 34.16770963704631 
34.230287859824784 34.292866082603254 34.35544430538173 
34.4180225281602 34.48060075093868 34.54317897371715 
34.605757196495624 34.668335419274094 34.73091364205257 
34.79349186483104 34.85607008760952 34.91864831038799 
34.981226533166456 35.04380475594493 35.1063829787234 
35.16896120150188 35.23153942428035 35.294117647058826 
35.356695869837296 35.41927409261577 35.48185231539424 
35.54443053817272 35.60700876095119 35.669586983729666 
35.732165206508135 35.79474342928661 35.85732165206508 
35.91989987484356 35.98247809762203 36.045056320400505 
36.107634543178975 36.17021276595745 36.23279098873592 
36.2953692115144 36.35794743429287 36.42052565707134 
36.483103879849814 36.545682102628284 36.60826032540676 
36.67083854818523 36.73341677096371 36.79599499374218 
36.858573216520654 36.92115143929912 36.9837296620776 
37.04630788485607 37.10888610763455 37.171464330413016 
37.23404255319149 37.29662077596996 37.35919899874844 
37.42177722152691 37.484355444305386 37.546933667083856 
37.60951188986233 37.6720901126408 37.73466833541928 37.79724655819775 
37.859824780976226 37.922403003754695 37.984981226533165 
38.04755944931164 38.11013767209011 38.17271589486859 
38.23529411764706 38.297872340425535 38.360450563204004 
38.42302878598248 38.48560700876095 38.54818523153943 38.6107634543179 
38.673341677096374 38.735919899874844 38.79849812265332 
38.86107634543179 38.92365456821027 38.98623279098874 
39.048811013767214 39.11138923654568 39.17396745932416 
39.23654568210263 39.29912390488111 39.361702127659576 
39.424280350438046 39.48685857321652 39.54943679599499 
39.61201501877347 39.67459324155194 39.737171464330416 
39.799749687108886 39.86232790988736 39.92490613266583 
39.98748435544431 40.05006257822278 40.112640801001255 
40.175219023779725 40.2377972465582 40.30037546933667 
40.36295369211515 40.42553191489362 40.488110137672095 
40.550688360450565 40.61326658322904 40.67584480600751 
40.73842302878599 40.80100125156446 40.86357947434293 
40.926157697121404 40.988735919899874 41.05131414267835 
41.11389236545682 41.1764705882353 41.23904881101377 41.30162703379224 
41.36420525657071 41.42678347934919 41.48936170212766 
41.55193992490614 41.614518147684606 41.67709637046308 
41.73967459324155 41.80225281602003 41.8648310387985 
41.927409261576976 41.989987484355446 42.05256570713392 
42.11514392991239 42.17772215269087 42.24030037546934 
42.30287859824781 42.365456821026285 42.428035043804755 
42.49061326658323 42.5531914893617 42.61576971214018 42.67834793491865 
42.740926157697125 42.803504380475594 42.86608260325407 
42.92866082603254 42.99123904881102 43.05381727158949 
43.116395494367964 43.178973717146434 43.24155193992491 
43.30413016270338 43.36670838548186 43.42928660826033 
43.491864831038804 43.55444305381727 43.61702127659575 
43.67959949937422 43.74217772215269 43.804755944931166 
43.867334167709636 43.92991239048811 43.99249061326658 
44.05506883604506 44.11764705882353 44.180225281602006 
44.242803504380475 44.30538172715895 44.36795994993742 
44.4305381727159 44.49311639549437 44.555694618272845 
44.618272841051315 44.68085106382979 44.74342928660826 
44.80600750938674 44.86858573216521 44.931163954943685 
44.993742177722154 45.05632040050063 45.1188986232791 
45.18147684605757 45.24405506883605 45.30663329161452 
45.369211514392994 45.431789737171464 45.49436795994994 
45.55694618272841 45.61952440550689 45.68210262828536 
45.74468085106383 45.8072590738423 45.86983729662078 45.93241551939925 
45.994993742177726 46.057571964956196 46.12015018773467 
46.18272841051314 46.24530663329162 46.30788485607009 
46.370463078848566 46.433041301627036 46.49561952440551 
46.55819774718398 46.62077596996245 46.68335419274093 46.7459324155194 
46.808510638297875 46.871088861076345 46.93366708385482 
46.99624530663329 47.05882352941177 47.12140175219024 
47.183979974968715 47.246558197747184 47.30913642052566 
47.37171464330413 47.43429286608261 47.49687108886108 
47.559449311639554 47.622027534418024 47.6846057571965 
47.74718397997497 47.80976220275345 47.87234042553192 
47.93491864831039 47.99749687108886 48.06007509386734 
48.12265331664581 48.18523153942428 48.247809762202756 
48.310387984981226 48.3729662077597 48.43554443053817 
48.49812265331665 48.56070087609512 48.623279098873596 
48.685857321652065 48.74843554443054 48.81101376720901 
48.87359198998749 48.93617021276596 48.998748435544435 
49.061326658322905 49.12390488110138 49.18648310387985 
49.24906132665833 49.3116395494368 49.374217772215275 
49.436795994993744 49.49937421777222 49.56195244055069 
49.62453066332916 49.68710888610764 49.74968710888611 
49.812265331664584 49.87484355444305 49.93742177722153 50.0 /
296/
0.00255 67 /
0 0.0005 0.001 0.002 0.0035 0.005 0.0075 0.01 0.013 0.0165 0.02 
0.0245 0.029 0.034 0.0395 0.045 0.0506 0.0562 0.0622 0.0686 0.075 
0.083 0.091 0.099 0.107 0.115 0.1197 0.1214 0.1218 0.1195 0.1125 
0.1065 0.1005 0.09542 0.09126 0.0871 0.0839 0.0807 0.07798 0.07574 
0.0735 0.07162 0.06974 0.06804 0.06652 0.065 0.0634 0.0618 0.06022 
0.05866 0.0571 0.05586 0.05462 0.0535 0.0525 0.0515 0.05042 0.04934 
0.04822 0.04706 0.0459 0.04478 0.04366 0.04288 0.04244 0.042 0.0 /
0.055556 0. 0.444444 / 
 2/
 .204 .4794/
 .166667 .333333/
/
stop
