leapr
 24 /
 'simple peak with no delta functions'/
 1 1/
  101 1001/
  0.99917 20.449 2 0 0/
  1 1 15.85316 3.8883 1/
 13 12 1/
  1.0 1.5 2.0 2.5 3.0 3.5 4.0 4.5 5.0 5.5 6.0 6.5 7.0 /
  0.01 0.1 1.0 5.0 10.0 15.0 20.0 25.0 30.0 35.0 40.0 50.0 /
 300/
  0.01 101/
  1 1 1 1 1 1 1 1 1 1 1 1 1 1 1 1 1 1 1 1 1 1 1 1 1 
  1 1 1 1 1 1 1 1 1 1 1 1 1 1 1 1 1 1 1 1 1 9 17 25 33 
  41 33 25 17 9 1 1 1 1 1 1 1 1 1 1 1 1 1 1 1 1 1 1 1 1 
  1 1 1 1 1 1 1 1 1 1 1 1 1 1 1 1 1 1 1 1 1 1 1 1 1 1 /
 0.0 0.0 1.0/  for diffusion, use 120. for second number
  0/
 /
stop

