leapr
24 /
'h in h2o, shortened endf model'/
1 1/
 101 1001/
 0.99917 20.449 2 0 0/
 1 1 15.85316 3.8883 1/
10 14 1/
0.2 0.3 0.35 0.4 0.45 0.5 0.55 0.6 0.65 0.7 /
7.6 7.7 7.8 7.9 8 8.05 8.1 8.15 8.2 8.3 8.4 8.5 8.6 8.7 /
296/
0.00255 201 /
0.0 0.0251842378101 0.0503684756202 0.10073695124 0.176289664671 
0.251842378101 0.377763567152 0.503684756202 0.654790183063 
0.831079847734 1.0073695124 1.2340276527 1.46068579299 1.71252817109 
1.989554787 2.26658140291 2.54864486638 2.83070832986 3.13291918358 
3.45527742755 3.77763567152 4.18058347648 4.58353128144 4.9864790864 
5.38942689137 5.79237469633 6.02910653174 6.1147329403 6.13488033055 
6.01903283662 5.66645350728 5.36424265356 5.06203179983 4.80615994368 
4.5966270851 4.38709422652 4.22591510454 4.06473598255 3.92773372887 
3.81490834348 3.70208295809 3.60739022392 3.51269748976 3.4270710812 
3.35051099826 3.27395091532 3.19336135432 3.11277179333 3.03318960185 
2.95461477988 2.87603995792 2.81358304815 2.75112613838 2.69471344568 
2.64434497006 2.59397649444 2.53957854077 2.4851805871 2.42876789441 
2.37034046269 2.31191303097 2.25550033827 2.19908764558 2.1598002346 
2.13763810532 2.11547597605 0.0 0.0 0.0 0.0 0.0 0.0 0.0 0.0 0.0 0.0 
0.0 0.0 0.0 0.0 65.35960784313725 0.0 0.0 0.0 0.0 0.0 0.0 0.0 0.0 0.0 
0.0 0.0 0.0 0.0 0.0 0.0 0.0 0.0 0.0 0.0 0.0 0.0 0.0 0.0 0.0 0.0 0.0 
0.0 0.0 0.0 0.0 0.0 0.0 0.0 0.0 0.0 0.0 0.0 0.0 0.0 0.0 0.0 0.0 0.0 
0.0 0.0 0.0 0.0 0.0 0.0 0.0 0.0 0.0 0.0 0.0 0.0 0.0 0.0 0.0 0.0 0.0 
0.0 0.0 0.0 0.0 0.0 0.0 0.0 0.0 0.0 0.0 0.0 0.0 0.0 0.0 0.0 0.0 0.0 
0.0 0.0 0.0 0.0 0.0 0.0 0.0 0.0 0.0 0.0 0.0 0.0 0.0 0.0 0.0 0.0 0.0 
0.0 0.0 0.0 0.0 0.0 0.0 0.0 0.0 0.0 0.0 0.0 0.0 0.0 130.71882352941176 
0.0 0.0 0.0 0.0 0.0 0.0 0.0 0.0 0.0 0.0 0.0 0.0 /
0.0 0. 1.0 / 
 0/
/
stop
