leapr
 24 /
 'h in h2o, shortened endf model'/
 1 1/
  101 1001/
  0.99917 20.449 2 0 0/
  1 1 15.85316 3.8883 1/
 6 5 1/
 0.01 0.1 1.0 5.0 10.0 50.0 /
 0.00 0.1 1.0 5.0 25.0 /
 296/
  .00255 201/
  0.00000000e+00   2.51842378e-02   5.03684756e-02   1.00736951e-01
   1.76289665e-01   2.51842378e-01   3.77763567e-01   5.03684756e-01
   6.54790183e-01   8.31079848e-01   1.00736951e+00   1.23402765e+00
   1.46068579e+00   1.71252817e+00   1.98955479e+00   2.26658140e+00
   2.54864487e+00   2.83070833e+00   3.13291918e+00   3.45527743e+00
   3.77763567e+00   4.18058348e+00   4.58353128e+00   4.98647909e+00
   5.38942689e+00   5.79237470e+00   6.02910653e+00   6.11473294e+00
   6.13488033e+00   6.01903284e+00   5.66645351e+00   5.36424265e+00
   5.06203180e+00   4.80615994e+00   4.59662709e+00   4.38709423e+00
   4.22591510e+00   4.06473598e+00   3.92773373e+00   3.81490834e+00
   3.70208296e+00   3.60739022e+00   3.51269749e+00   3.42707108e+00
   3.35051100e+00   3.27395092e+00   3.19336135e+00   3.11277179e+00
   3.03318960e+00   2.95461478e+00   2.87603996e+00   2.81358305e+00
   2.75112614e+00   2.69471345e+00   2.64434497e+00   2.59397649e+00
   2.53957854e+00   2.48518059e+00   2.42876789e+00   2.37034046e+00
   2.31191303e+00   2.25550034e+00   2.19908765e+00   2.15980023e+00
   2.13763811e+00   2.11547598e+00   0.00000000e+00   0.00000000e+00
   0.00000000e+00   0.00000000e+00   0.00000000e+00   0.00000000e+00
   0.00000000e+00   0.00000000e+00   0.00000000e+00   0.00000000e+00
   0.00000000e+00   0.00000000e+00   0.00000000e+00   0.00000000e+00
   6.53596078e+01   0.00000000e+00   0.00000000e+00   0.00000000e+00
   0.00000000e+00   0.00000000e+00   0.00000000e+00   0.00000000e+00
   0.00000000e+00   0.00000000e+00   0.00000000e+00   0.00000000e+00
   0.00000000e+00   0.00000000e+00   0.00000000e+00   0.00000000e+00
   0.00000000e+00   0.00000000e+00   0.00000000e+00   0.00000000e+00
   0.00000000e+00   0.00000000e+00   0.00000000e+00   0.00000000e+00
   0.00000000e+00   0.00000000e+00   0.00000000e+00   0.00000000e+00
   0.00000000e+00   0.00000000e+00   0.00000000e+00   0.00000000e+00
   0.00000000e+00   0.00000000e+00   0.00000000e+00   0.00000000e+00
   0.00000000e+00   0.00000000e+00   0.00000000e+00   0.00000000e+00
   0.00000000e+00   0.00000000e+00   0.00000000e+00   0.00000000e+00
   0.00000000e+00   0.00000000e+00   0.00000000e+00   0.00000000e+00
   0.00000000e+00   0.00000000e+00   0.00000000e+00   0.00000000e+00
   0.00000000e+00   0.00000000e+00   0.00000000e+00   0.00000000e+00
   0.00000000e+00   0.00000000e+00   0.00000000e+00   0.00000000e+00
   0.00000000e+00   0.00000000e+00   0.00000000e+00   0.00000000e+00
   0.00000000e+00   0.00000000e+00   0.00000000e+00   0.00000000e+00
   0.00000000e+00   0.00000000e+00   0.00000000e+00   0.00000000e+00
   0.00000000e+00   0.00000000e+00   0.00000000e+00   0.00000000e+00
   0.00000000e+00   0.00000000e+00   0.00000000e+00   0.00000000e+00
   0.00000000e+00   0.00000000e+00   0.00000000e+00   0.00000000e+00
   0.00000000e+00   0.00000000e+00   0.00000000e+00   0.00000000e+00
   0.00000000e+00   0.00000000e+00   0.00000000e+00   0.00000000e+00
   0.00000000e+00   0.00000000e+00   0.00000000e+00   0.00000000e+00
   0.00000000e+00   0.00000000e+00   0.00000000e+00   0.00000000e+00
   0.00000000e+00   0.00000000e+00   0.00000000e+00   0.00000000e+00
   0.00000000e+00   0.00000000e+00   0.00000000e+00   0.00000000e+00
   1.30718824e+02   0.00000000e+00   0.00000000e+00   0.00000000e+00
   0.00000000e+00   0.00000000e+00   0.00000000e+00   0.00000000e+00
   0.00000000e+00   0.00000000e+00   0.00000000e+00   0.00000000e+00
   0.00000000e+00/ 
 0.0 0. 1.0 /  for diffusion, use 120. for second number
  0/
 ' h(h2o) thermal scattering '/
 ' '/
 ' temperatures = 296 deg k. '/
 ' '/
 ' shortened version of the endf/b-vi.4 evaluation for '/
 ' hydrogen in water.  the energy transfer is limited to '/
 ' 0.625 ev.  this is only for njoy testing, not for '/
 ' real applications. '/
 /
stop
