3.42466e-3 6.60205e-2
3.42466e-3 3.06694e-1
5.13699e-3 5.95421e-1
5.13699e-3 8.84229e-1
6.84932e-3 1.14889e+0
6.84932e-3 1.34143e+0
8.56164e-3 1.87083e+0
8.56164e-3 2.13557e+0
1.19863e-2 2.37608e+0
1.54110e-2 2.61659e+0
2.05479e-2 3.02549e+0
2.39726e-2 3.31413e+0
2.73973e-2 3.57871e+0
3.25342e-2 4.03574e+0
3.76712e-2 4.49277e+0
4.45205e-2 4.80532e+0
4.96575e-2 4.97354e+0
5.65068e-2 5.16575e+0
6.50685e-2 5.40601e+0
7.53425e-2 5.69433e+0
8.73288e-2 5.95849e+0
9.58904e-2 6.19875e+0
1.04452e-1 6.46308e+0
1.14726e-1 6.75140e+0
1.26712e-1 7.08776e+0
1.38699e-1 7.30379e+0
1.54110e-1 7.51966e+0
1.71233e-1 7.71137e+0
1.95205e-1 7.95089e+0
2.19178e-1 8.16635e+0
2.43151e-1 8.33366e+0
2.67123e-1 8.50098e+0
3.15068e-1 8.81155e+0
3.49315e-1 9.02651e+0
3.86986e-1 9.26537e+0
4.02397e-1 9.38496e+0
4.16096e-1 9.55278e+0
4.21233e-1 9.69693e+0
4.22945e-1 9.84125e+0
4.21233e-1 9.96167e+0
4.12671e-1 1.02028e+1
4.00685e-1 1.04921e+1
3.92123e-1 1.06851e+1
3.81849e-1 1.09263e+1
3.73288e-1 1.11433e+1
3.66438e-1 1.13843e+1
3.52740e-1 1.17219e+1
3.44178e-1 1.19148e+1
3.33904e-1 1.21319e+1
3.27055e-1 1.22767e+1
3.18493e-1 1.24696e+1
3.13356e-1 1.27587e+1
3.08219e-1 1.33847e+1
2.97945e-1 1.38184e+1
2.79110e-1 1.42044e+1
2.65411e-1 1.44938e+1
2.58562e-1 1.47589e+1
2.60274e-1 1.49514e+1
2.65411e-1 1.51196e+1
2.75685e-1 1.52876e+1
2.87671e-1 1.54073e+1
3.03082e-1 1.55510e+1
3.27055e-1 1.57664e+1
3.56164e-1 1.60057e+1
3.69863e-1 1.61495e+1
3.83562e-1 1.63413e+1
3.92123e-1 1.65575e+1
3.92123e-1 1.67501e+1
3.80137e-1 1.69913e+1
3.57877e-1 1.73775e+1
3.45890e-1 1.76669e+1
3.44178e-1 1.79317e+1
3.52740e-1 1.81719e+1
3.64726e-1 1.84120e+1
3.80137e-1 1.86038e+1
3.97260e-1 1.88196e+1
4.22945e-1 1.90831e+1
4.52055e-1 1.93946e+1
4.64041e-1 1.95866e+1
4.77740e-1 1.98747e+1
4.77740e-1 2.01395e+1
4.74315e-1 2.03322e+1
4.65753e-1 2.06455e+1
4.58904e-1 2.09105e+1
4.55479e-1 2.11995e+1
4.50342e-1 2.15126e+1
4.41781e-1 2.17537e+1
4.26370e-1 2.19711e+1
4.02397e-1 2.21647e+1
3.76712e-1 2.23345e+1
3.52740e-1 2.24559e+1
3.18493e-1 2.26020e+1
2.89384e-1 2.27237e+1
2.65411e-1 2.28212e+1
2.38014e-1 2.29428e+1
2.05479e-1 2.30647e+1
1.72945e-1 2.32107e+1
1.47260e-1 2.33082e+1
1.21575e-1 2.34298e+1
9.24658e-2 2.35996e+1
5.99315e-2 2.38659e+1
4.10959e-2 2.40113e+1
2.73973e-2 2.43007e+1
1.54110e-2 2.45420e+1
8.56164e-3 2.48311e+1
6.84932e-3 2.49515e+1
