4.04878e-3  1.34726e-1
1.81532e-3  1.33811e+0
3.19113e-3  2.04299e+0
4.04878e-3  2.73268e+0
4.73285e-3  3.66640e+0
1.27503e-2  4.76335e+0
2.19164e-2  5.48584e+0
2.99569e-2  6.24279e+0
2.32029e-2  7.05717e+0
2.04156e-2  7.97417e+0
3.47812e-2  8.41883e+0
4.89324e-2  8.74044e+0
6.30836e-2  9.15562e+0
7.20889e-2  9.70156e+0
5.79377e-2  1.02754e+1
4.78174e-2  1.11784e+1
6.17971e-2  1.19274e+1
7.59483e-2  1.21701e+1
9.00995e-2  1.23309e+1
1.04251e-1  1.24975e+1
1.18402e-1  1.26583e+1
1.32553e-1  1.28425e+1
1.46704e-1  1.31554e+1
1.56699e-1  1.36205e+1
1.66001e-1  1.36320e+1
1.42845e-1  1.41144e+1
1.28694e-1  1.44389e+1
1.15678e-1  1.51994e+1
1.28694e-1  1.60207e+1
1.42845e-1  1.63920e+1
1.56996e-1  1.67517e+1
1.70504e-1  1.74090e+1
1.73077e-1  1.85286e+1
1.86585e-1  1.94708e+1
2.00736e-1  2.01082e+1
2.08455e-1  2.08155e+1
1.94304e-1  2.11110e+1
1.80153e-1  2.12865e+1
1.66001e-1  2.14677e+1
1.51850e-1  2.16578e+1
1.37699e-1  2.18683e+1
1.23548e-1  2.20934e+1
1.05451e-1  2.24910e+1
1.16172e-1  2.29026e+1
1.14542e-1  2.35780e+1
1.08110e-1  2.39809e+1
9.63805e-2  2.47674e+1
1.09397e-1  2.54441e+1
1.23548e-1  2.58271e+1
1.37699e-1  2.61604e+1
1.51850e-1  2.64879e+1
1.66001e-1  2.68300e+1
1.80153e-1  2.71662e+1
1.91945e-1  2.76920e+1
1.87871e-1  2.81830e+1
1.73720e-1  2.85550e+1
1.59569e-1  2.88474e+1
1.45418e-1  2.90404e+1
1.31267e-1  2.92100e+1
1.17115e-1  2.93737e+1
1.02964e-1  2.95374e+1
8.88130e-2  2.97041e+1
7.46618e-2  2.99146e+1
6.05106e-2  3.01339e+1
4.63594e-2  3.03532e+1
3.22082e-2  3.06602e+1
1.80570e-2  3.12303e+1
3.90584e-3  3.19262e+1
5.37584e-4  1.25843e+2
1.18862e-2  1.26551e+2
2.20838e-2  1.27242e+2
3.35606e-2  1.27948e+2
4.37574e-2  1.28652e+2
5.52282e-2  1.29452e+2
6.92708e-2  1.30067e+2
8.33222e-2  1.30540e+2
9.73768e-2  1.30960e+2
1.11435e-1  1.31318e+2
1.25495e-1  1.31650e+2
1.39564e-1  1.31841e+2
1.53634e-1  1.32014e+2
1.67704e-1  1.32187e+2
1.81775e-1  1.32351e+2
1.95844e-1  1.32536e+2
2.09913e-1  1.32732e+2
2.23982e-1  1.32926e+2
2.38050e-1  1.33119e+2
2.52106e-1  1.33525e+2
2.59109e-1  1.34128e+2
2.50108e-1  1.34774e+2
2.38548e-1  1.35418e+2
2.29057e-1  1.36396e+2
2.42922e-1  1.37122e+2
2.56972e-1  1.37619e+2
2.71021e-1  1.38130e+2
2.85065e-1  1.38724e+2
2.99104e-1  1.39383e+2
3.09326e-1  1.39695e+2
3.01644e-1  1.39718e+2
2.87548e-1  1.39959e+2
2.73456e-1  1.40139e+2
2.59364e-1  1.40322e+2
2.45272e-1  1.40505e+2
2.31180e-1  1.40685e+2
2.17088e-1  1.40866e+2
2.02995e-1  1.41057e+2
1.88902e-1  1.41246e+2
1.74802e-1  1.41559e+2
1.60691e-1  1.42039e+2
1.46585e-1  1.42454e+2
1.33669e-1  1.42935e+2
1.46515e-1  1.43570e+2
1.60572e-1  1.43954e+2
1.74631e-1  1.44310e+2
1.88691e-1  1.44648e+2
2.02753e-1  1.44950e+2
2.16815e-1  1.45252e+2
2.30883e-1  1.45455e+2
2.44956e-1  1.45584e+2
2.59028e-1  1.45715e+2
2.73101e-1  1.45844e+2
2.87174e-1  1.45976e+2
3.01246e-1  1.46105e+2
3.15315e-1  1.46299e+2
3.29380e-1  1.46548e+2
3.43446e-1  1.46795e+2
3.55936e-1  1.47213e+2
3.62078e-1  1.47714e+2
3.49773e-1  1.47968e+2
3.35676e-1  1.48241e+2
3.21579e-1  1.48495e+2
3.07488e-1  1.48657e+2
2.93400e-1  1.48773e+2
2.79312e-1  1.48888e+2
2.65224e-1  1.49003e+2
2.51137e-1  1.49113e+2
2.37048e-1  1.49231e+2
2.22960e-1  1.49346e+2
2.08871e-1  1.49479e+2
1.94780e-1  1.49645e+2
1.80689e-1  1.49822e+2
1.66597e-1  1.49990e+2
1.52506e-1  1.50164e+2
1.38412e-1  1.50368e+2
1.24317e-1  1.50607e+2
1.10222e-1  1.50834e+2
9.61253e-2  1.51085e+2
8.20238e-2  1.51418e+2
6.83099e-2  1.51951e+2
7.93736e-2  1.52866e+2
9.34301e-2  1.53257e+2
1.07484e-1  1.53683e+2
1.21533e-1  1.54194e+2
1.31248e-1  1.54928e+2
1.22562e-1  1.55811e+2
1.35786e-1  1.56571e+2
1.43137e-1  1.56728e+2
1.34777e-1  1.57361e+2
1.23873e-1  1.57745e+2
1.09774e-1  1.58028e+2
9.56739e-2  1.58343e+2
8.15568e-2  1.58926e+2
6.22271e-2  1.59709e+2
