0.00000e+0 4.22164e-1
2.83019e-3 1.05541e+0
2.83019e-3 1.76781e+0
5.66038e-3 2.32190e+0
1.13208e-2 3.19261e+0
1.41509e-2 3.74670e+0
2.26415e-2 4.37995e+0
3.11321e-2 5.25066e+0
4.52830e-2 6.43799e+0
7.64151e-2 7.22955e+0
9.33962e-2 8.02111e+0
1.16038e-1 8.73351e+0
1.50000e-1 9.60422e+0
1.89623e-1 1.11873e+1
2.20755e-1 1.16623e+1
2.51887e-1 1.20580e+1
2.94340e-1 1.23747e+1
3.48113e-1 1.27704e+1
4.04717e-1 1.31662e+1
4.44340e-1 1.34037e+1
4.83962e-1 1.37203e+1
4.72642e-1 1.44327e+1
4.13208e-1 1.53034e+1
4.21698e-1 1.59367e+1
4.44340e-1 1.68865e+1
4.44340e-1 1.77573e+1
4.18868e-1 1.85488e+1
3.82075e-1 1.93404e+1
3.84906e-1 1.97361e+1
3.93396e-1 2.01319e+1
3.31132e-1 2.10026e+1
2.15094e-1 2.17942e+1
1.64151e-1 2.26649e+1
1.55660e-1 2.34565e+1
1.27358e-1 2.42480e+1
1.13208e-1 2.48813e+1
9.62264e-2 2.57520e+1
9.33962e-2 2.59894e+1
1.01887e-1 2.67018e+1
1.24528e-1 2.74934e+1
1.44340e-1 2.83641e+1
1.35849e-1 2.91557e+1
9.62264e-2 2.98681e+1
4.52830e-2 3.08179e+1
2.54717e-2 3.16095e+1
8.49057e-3 3.31135e+1
2.83019e-3 3.35884e+1
0.00000e+0 3.47757e+1
4.31034e-3 1.41686e+2
2.58621e-2 1.42405e+2
4.31034e-2 1.42523e+2
8.18966e-2 1.42878e+2
1.42241e-1 1.43110e+2
1.76724e-1 1.43345e+2
2.75862e-1 1.43570e+2
4.13793e-1 1.43909e+2
4.78448e-1 1.44140e+2
6.03448e-1 1.44602e+2
6.59483e-1 1.44834e+2
6.59483e-1 1.44954e+2
5.94828e-1 1.45688e+2
5.38793e-1 1.45938e+2
4.78448e-1 1.46188e+2
4.18103e-1 1.46439e+2
3.18966e-1 1.46937e+2
2.24138e-1 1.47434e+2
2.19828e-1 1.48157e+2
2.84483e-1 1.48990e+2
2.58621e-1 1.49717e+2
1.93966e-1 1.50571e+2
1.85345e-1 1.51416e+2
1.85345e-1 1.52259e+2
3.01724e-1 1.53927e+2
3.53448e-1 1.55485e+2
3.53448e-1 1.56329e+2
2.67241e-1 1.58029e+2
2.06897e-1 1.58762e+2
1.89655e-1 1.59608e+2
2.93103e-1 1.60435e+2
3.14655e-1 1.61275e+2
8.18966e-2 1.62878e+2
1.29310e-2 1.63733e+2
0.00000e+0 1.64337e+2
