leapr
20
’ H in H2O, IKE model modified at LANL’ /
1 2 200/
1 1001/
0.99917 20.43634 2/ latest Hale values for VII
1 1 1.585751+1 3.842443 1/ oxygen as free gas from VII
187 274 1/ lat=1
.001 .0015 .0025 .0035 .005 .007 .01 .015 .025 .035 .05 .070
.1 .125 .15 .2 .25 .3 .325
.35 .375 .4 .425 .45 .475 .5
.525 .55 .58 .61 .65 .69 .73
.78 .83 .88 .94 1. 1.08 1.16
1.24 1.33 1.43 1.54 1.66 1.79 1.94
2.09 2.26 2.48 2.7127 2.89 3.11 3.38
3.67 3.98 4.32 4.65 5.0 5.4255 6.
6.56 7.13 7.6 8.1026 8.8 9.5 10.2
10.8152 11.7 12.6 13.528 14.4 15.3 16.2051
17.233 18.2 18.92 20.3 21.63 22.9 24.308
25.6 27.02 28.4 29.73 31. 32.41 33.44
34.466 36.15 37.18 38.8 40.513 41.54 42.57
44.2 46.0 47.0 48.615 49.6 51.2 52.5
54.41 55.2 56.72 58.4 59.80 61.2 62.51
63.8 65.23 66.5 67.90 68.93 70.61 71.64
72.92 75.9 80. 84. 89. 94. 100.
105. 113. 120.63 126. 132. 140. 147.
154. 162. 170. 177. 184. 191. 199.
208. 218. 227. 237. 246. 255. 265.
275.72 284. 293.58 302. 311. 320. 329.
338. 347. 356. 365. 374. 383. 392.
401. 410. 419. 428. 437. 446. 455.
464. 473. 482. 491. 500. 509. 518.
527. 536. 545. 554. 563. 572. 581.
590. 597. 604. 611. 618. 625. 632.9 / alpha
0.0 0.005 0.01 0.015 0.020 0.025 0.030 0.040 0.050
0.06 0.07 0.08 0.1 0.125
0.15 0.175 0.20 0.225 0.250 0.30 0.35 0.40 0.45
0.50 0.55 0.60 0.65 0.70 0.75 0.80
0.85 0.90 0.95 1.0 1.05 1.10 1.15
1.20 1.25 1.30 1.35 1.4 1.45 1.5
1.55 1.6 1.65 1.7 1.75 1.8 1.85
1.9 1.95 2.0 2.05 2.1 2.15 2.2
2.25 2.3 2.35 2.4 2.45 2.5 2.55
2.6 2.65 2.7127 2.77 2.83 2.90 2.96
3.03 3.11 3.18 3.26 3.34 3.43 3.52
3.61 3.71 3.81 3.92 4.03 4.14 4.26
4.39 4.52 4.65 4.80 4.94 5.10 5.26
5.4255 5.60 5.70 5.97 6.17 6.37 6.59
6.81 7.04 7.29 7.54 7.81 7.9 8.0 8.103 8.2 8.28 8.37
8.67 8.98 9.30 9.64 10. 10.4 10.8152
11.16 11.57 12.0 12.46 12.98 13.528 13.94
14.48 15.03 15.62 16.2051 16.8 17. 17.233 17.5 18.2
18.92 19.4 19.95 20.7 21.63 22.1 22.66
23.5 24.308 24.8 25.34 26.2 27.02 27.5
28.05 28.9 29.73 30.2 30.76 31.5 32.41
32.9 33.44 34. 34.466 35.3 36.15 36.6
37.18 37.9 38.8 39.89 40.2 40.513 41.
41.54 42. 42.57 43.2 44.2 45.28 46.0
47.0 47.99 48.3 48.615 49.6 50.67 51.2
51.70 52.5 53.38 53.9 54.41 55.2 56.
56.72 57.12 58.4 59.80 61.2 62.51 63.8
65.23 66.5 67.90 68.4 68.93 69.8 70.61
71.1 71.64 72.2 72.92 73.3340 74. 74.8
75.6 76.4 77.2 78. 78.9 79.8 80.7
81.6 82.5 83.4 84.3 85.2 86.1 87.
88. 89. 90. 91. 92. 93. 94.
95. 96. 97. 98. 99. 100. 101.2
102.4 103.6 104.8 106. 107.2 108.4 109.6
110.8 112. 113.5 115. 116.5 118. 119.5
121. 122.5 124. 125.5 127. 128.5 130.
132. 134. 136. 138. 140. 142. 144.
146. 148. 150. 152. 154. 156. 158.1 / beta
293.6/ temperature (K)
0.00215 68/ frequency distribution
0.00000E+00 1.04170E-02 4.16710E-02 9.37490E-02 1.66682E-01
2.60457E-01 3.74972E-01 5.10341E-01 6.66586E-01 8.43707E-01
1.04169E+00 1.26039E+00 1.49991E+00 1.76047E+00 2.04172E+00
2.34379E+00 2.66665E+00 3.01045E+00 3.33873E+00 3.72164E+00
4.10441E+00 4.54222E+00 4.98019E+00 5.47328E+00 5.91196E+00
6.24071E+00 6.45971E+00 6.56965E+00 6.56980E+00 6.35010E+00
5.91059E+00 5.58143E+00 5.19738E+00 4.86852E+00 4.53952E+00
4.26544E+00 3.99124E+00 3.71714E+00 3.49814E+00 3.27889E+00
3.11484E+00 2.95067E+00 2.84650E+00 2.74784E+00 2.65469E+00
2.56706E+00 2.48495E+00 2.40835E+00 2.33727E+00 2.27169E+00
2.21165E+00 2.15711E+00 2.12732E+00 2.11543E+00 2.10353E+00
2.09165E+00 2.07975E+00 2.06786E+00 2.05596E+00 2.04408E+00
2.03218E+00 2.02029E+00 2.00839E+00 1.99651E+00 1.98461E+00
1.97272E+00 9.86360E-01 0.00000E+00/
0.0192 0. .4904 / weights
2 / discrete oscillators
.205 .436 / oscillator energies (eV)
.163467 .326933 / oscillator weigths
/ end leapr
stop