0.0020301 0.0023176
0.0037546 0.0029208
0.0043421 0.0033018
0.0054803 0.0035400
0.0071536 0.0034131
0.0076955 0.0031432
0.0087992 0.0028893
0.0093377 0.0025719
0.010435 0.0022228
0.011547 0.0020958
0.013217 0.0019213
0.015460 0.0019214
0.018273 0.0020486
0.020526 0.0021915
0.023905 0.0023981
0.026159 0.0025569
0.027850 0.0026840
0.029541 0.0028111
0.031226 0.0028429
0.032350 0.0028747
0.034028 0.0028272
0.035706 0.0027638
0.038507 0.0027163
0.039634 0.0027957
0.041324 0.0029069
0.042455 0.0030498
0.044154 0.0032880
0.045294 0.0035421
0.047006 0.0039707
0.049861 0.0047010
0.052146 0.0053043
0.054440 0.0060346
0.056728 0.0066697
0.059580 0.0073682
0.061288 0.0077334
0.062424 0.0079398
0.064112 0.0080192
0.065799 0.0080828
0.067483 0.0081147
0.068601 0.0080671
0.069717 0.0079878
0.071392 0.0078768
0.071946 0.0077816
0.073057 0.0076388
0.074730 0.0074960
0.075838 0.0073056
0.078061 0.0070200
0.080839 0.0066551
0.083621 0.0063536
0.086954 0.0058935
0.089728 0.0054809
0.093613 0.0048938
0.096947 0.0044654
0.10084 0.0039736
0.10418 0.0035928
0.10696 0.0032596
0.10974 0.0029740
0.11307 0.0025298
0.11640 0.0020220
0.11918 0.0016412
0.12140 0.0013080
0.12363 0.0011176
0.12586 0.00091140
0.12921 0.00075285
0.13257 0.00064192
0.13873 0.00053113
0.14545 0.00046800
0.15610 0.00042094
0.17461 0.00043779
0.17685 0.00046966
0.18134 0.00053339
0.18640 0.00069239
0.18753 0.00077181
0.19035 0.00099418
0.19261 0.0012959
0.19432 0.0016293
0.19490 0.0019627
0.19606 0.0024548
0.19721 0.0028199
0.19779 0.0032009
0.19898 0.0041534
0.19960 0.0049153
0.20078 0.0058519
0.20197 0.0068202
0.20257 0.0074234
0.20432 0.0082648
0.20432 0.0083600
0.20489 0.0084711
0.20546 0.0085664
0.20602 0.0085823
0.20769 0.0084554
0.20824 0.0082173
0.20933 0.0078523
0.20985 0.0072174
0.21037 0.0065825
0.21145 0.0060429
0.21197 0.0054080
0.21301 0.0042335
0.21461 0.0030748
0.21512 0.0023923
0.21730 0.0015035
0.21949 0.00078937
0.22283 0.00042447
0.22675 0.00025008
0.23235 0.00015513
0.24243 0.000092175
0.24972 0.000092561
0.26038 0.00010900
0.27047 0.00010953
0.29795 0.000095112
0.31253 0.000095884
0.32935 0.00011265
0.33720 0.00014481
0.34337 0.00014513
0.36188 0.00020961
0.37423 0.00035312
0.37816 0.00043269
0.38322 0.00068693
0.38605 0.00095692
0.39002 0.0016555
0.39230 0.0022271
0.39402 0.0027669
0.39460 0.0029574
0.39575 0.0034019
0.39747 0.0039258
0.39749 0.0041797
0.39806 0.0043861
0.39920 0.0046719
0.40036 0.0051640
0.40150 0.0054657
0.40323 0.0060372
0.40493 0.0063071
0.40720 0.0067041
0.40834 0.0069581
0.41004 0.0071963
0.41004 0.0073233
0.41118 0.0075932
0.41231 0.0077043
0.41289 0.0078631
0.41402 0.0080219
0.41515 0.0081172
0.41739 0.0081014
0.41906 0.0079745
0.41961 0.0078158
0.42016 0.0076413
0.42181 0.0071334
0.42289 0.0065938
0.42454 0.0061177
0.42618 0.0055463
0.42782 0.0049750
0.42947 0.0044672
0.43112 0.0040704
0.43277 0.0035943
0.43499 0.0032611
0.43776 0.0026898
0.43998 0.0023566
0.44108 0.0020392
0.44218 0.0017853
0.44329 0.0015631
0.44550 0.0011188
0.44827 0.00065862
0.44994 0.00048411
0.45217 0.00034137
0.45441 0.00024625
0.45945 0.00016715
0.46450 0.00015154
0.47178 0.00015193
0.47908 0.00016819
0.48580 0.00013680
0.49421 0.00010550

