leapr
 24 /
 'h in h2o, shortened endf model'/
 1 1/
  101 1001/
  0.99917 20.449 2 0 0/
  1 1 15.85316 3.8883 1/
 65 75 1/
  .01008 .015 .0252 .033 0.050406
  .0756 0.100812 0.151218 0.201624 0.252030 0.302436 0.352842
  0.403248 0.453654 0.504060 0.554466 0.609711 0.670259 0.736623
  0.809349 0.889061 0.976435 1.072130 1.177080 1.292110 1.418220
  1.556330 1.707750 1.873790 2.055660 2.255060 2.473520 2.712950
  2.975460 3.263080 3.578320 3.923900 4.302660 4.717700 5.172560
  5.671180 6.217580 6.816500 7.472890 8.192280 8.980730 9.844890
  10.79190 11.83030 12.96740 14.21450 15.58150 17.07960 18.72080
  20.52030 22.49220 24.65260 27.02160 29.61750 32.46250 35.58160
  38.99910 42.74530 46.85030 50.0/
  0.000000 0.006375 0.012750 0.025500 0.038250 0.051000 0.065750
  .0806495 0.120974 0.161299 0.241949 0.322598 0.403248 0.483897
  0.564547 0.645197 0.725846 0.806496 0.887145 0.967795 1.048440
  1.129090 1.209740 1.290390 1.371040 1.451690 1.532340 1.612990
  1.693640 1.774290 1.854940 1.935590 2.016240 2.096890 2.177540
  2.258190 2.338840 2.419490 2.500140 2.580790 2.669500 2.767090
  2.874450 2.992500 3.122350 3.265300 3.422470 3.595360 3.785490
  3.994670 4.224730 4.477870 4.756310 5.062580 5.399390 5.769970
  6.177660 6.626070 7.119240 7.661810 8.258620 8.915110 9.637220
  10.43200 11.30510 12.26680 13.32430 14.48670 15.76600 17.17330
  18.72180 20.42450 22.29760 24.35720 25.0/
 296/
 0.002483467336683417 200/
  0.00247617 0.003432564 0.00326527 0.00238223 0.00200485 
  0.001921375 0.002008412 0.002149748 0.00230309 0.002463597 0.0026440 
  0.002816018 0.00287286 0.00279922 0.00273758 0.00280237 0.003019974 
  0.003410238 0.00401671 0.0046519 0.005306469 0.00608908 0.0067656 
  0.00737316 0.00787851 0.00803647 0.00810656 0.00800058 0.00777201 
  0.007515288 0.00715791 0.006834797 0.00653421 0.00624083 0.00589800 
  0.00552896 0.005154437 0.0047963 0.00447719 0.004163259 0.0038616 
  0.003577742 0.00328008 0.00302202 0.002705074 0.002351460 0.001977760 
  0.001637232 0.001283248 0.001067356 0.000873687 0.000756148 0.000673159 
  0.00061427 0.000569606 0.000527896 0.000504566 0.000481235 0.0004632516 
  0.000452277 0.0004413039 0.0004303300 0.000421266 0.000423527 0.000425787 
  0.0004280485 0.0004303092 0.000432570 0.000434830 0.000437091 0.00046220 
  0.000497474 0.000532724 0.000609954 0.000687992 0.000867501 0.001111261 
  0.001510456 0.00249731 0.00391118 0.00616180 0.00793993 0.00857410 
  0.008092 0.00622040 0.00382202 0.002008379 0.001097481 0.000621276 
  0.000394127 0.000283644 0.0002207642 0.0001786561 0.0001482853 0.0001327747 
  0.000117264 0.000101753 9.22252e-5 9.2356e-5 9.24882e-5 9.42730e-5 
  9.81028e-5 0.0001019326 0.0001057624 0.0001090201 0.0001091506 0.0001092810 
  0.0001094115 0.0001094104 0.0001081073 0.0001068043 0.0001055013 0.0001041983 
  0.0001028953 0.0001015923 0.0001002893 9.89863e-5 9.76833e-5 9.63803e-5 
  9.51154e-5 9.52469e-5 9.5378e-5 9.55099e-5 9.56414e-5 9.57729e-5 
  9.62696e-5 9.87451e-5 0.0001012206 0.0001036961 0.0001061716 0.000108647 
  0.00011112 0.0001165467 0.0001267210 0.0001368953 0.0001448386 0.0001449674 
  0.0001450962 0.0001515116 0.000160162 0.0001688141 0.0001774653 0.0001861165 
  0.0001947677 0.00020341 0.000217816 0.000246675 0.000275533 0.000304392 
  0.00033325 0.0003687822 0.000419064 0.00052365 0.000648440 0.000850778 
  0.001198 0.001635153 0.00225466 0.00306226 0.003890702 0.00494265 
  0.00573714 0.00628728 0.00672385 0.00715876 0.00769894 0.0080825 
  0.00810258 0.00778534 0.0069438 0.0060713 0.00520617 0.0044263 
  0.003780897 0.00331861 0.00282793 0.002417578 0.001813647 0.001311667 
  0.000865597 0.000529295 0.000352824 0.000245237 0.0002062607 0.0001672840 
  0.0001594997 0.0001518231 0.000151668 0.00015180 0.0001521055 0.000157637 
  0.0001631688 0.0001671193 0.0001555187 0.0001439181 0.0001332286 0.00012398 
  0.0001147428 0.0/
 0.0 0. 1.0/  for diffusion, use 120. for second number
  0/
 ' h(h2o) thermal scattering '/
 ' '/
 ' temperatures = 296 deg k. '/
 ' '/
 ' shortened version of the endf/b-vi.4 evaluation for '/
 ' hydrogen in water.  the energy transfer is limited to '/
 ' 0.625 ev.  this is only for njoy testing, not for '/
 ' real applications. '/
 /
stop
